/mnt/lxc/kitti/object/training/image_2/000000.png 1 0.9045371413230896 712.3161 150.27888 806.05566 304.846
/mnt/lxc/kitti/object/training/image_2/000000.png 3 0.4730466902256012 381.87076 207.00955 422.64514 267.10202
/mnt/lxc/kitti/object/training/image_2/000000.png 3 0.42833802103996277 952.94543 195.94142 1001.7982 277.44785
/mnt/lxc/kitti/object/training/image_2/000000.png 3 0.3975854516029358 308.32336 206.18433 346.66034 281.32068
/mnt/lxc/kitti/object/training/image_2/000000.png 3 0.368304967880249 339.9633 205.97743 384.5666 281.0764
/mnt/lxc/kitti/object/training/image_2/000000.png 3 0.34148144721984863 911.38745 192.46475 964.545 277.4547
/mnt/lxc/kitti/object/training/image_2/000000.png 3 0.33905208110809326 249.65022 206.82983 309.00192 282.76746
/mnt/lxc/kitti/object/training/image_2/000000.png 3 0.33179134130477905 851.6976 198.65173 899.7618 272.91028
/mnt/lxc/kitti/object/training/image_2/000000.png 3 0.3008968234062195 347.04782 206.39328 393.44574 280.4549
/mnt/lxc/kitti/object/training/image_2/000000.png 3 0.29488375782966614 362.47134 206.17 398.48193 278.24747
/mnt/lxc/kitti/object/training/image_2/000000.png 3 0.2812463343143463 368.6324 206.16917 421.41312 274.09338
/mnt/lxc/kitti/object/training/image_2/000000.png 3 0.27963441610336304 1143.2389 227.97107 1223.5498 348.27353
/mnt/lxc/kitti/object/training/image_2/000000.png 3 0.2756730616092682 281.3632 205.95386 319.56726 282.4406
/mnt/lxc/kitti/object/training/image_2/000000.png 3 0.2611636221408844 851.778 197.4751 917.57434 276.27118
/mnt/lxc/kitti/object/training/image_2/000000.png 3 0.2581811249256134 298.37186 205.83105 341.0925 281.64258
/mnt/lxc/kitti/object/training/image_2/000000.png 3 0.25067999958992004 248.76468 213.59348 288.62253 282.52948
/mnt/lxc/kitti/object/training/image_2/000003.png 2 0.9014014005661011 613.5707 184.04265 722.7175 282.86707
/mnt/lxc/kitti/object/training/image_2/000003.png 2 0.717350959777832 0.72252274 237.99829 208.4419 372.29175
/mnt/lxc/kitti/object/training/image_2/000003.png 2 0.2950287461280823 523.146 205.63385 543.7916 220.54845
/mnt/lxc/kitti/object/training/image_2/000007.png 2 0.7787023782730103 480.4584 179.64952 513.38916 202.5381
/mnt/lxc/kitti/object/training/image_2/000007.png 2 0.7122950553894043 563.9302 175.1219 616.0866 223.574
/mnt/lxc/kitti/object/training/image_2/000007.png 2 0.6991086006164551 542.4677 175.72115 564.3251 193.0611
/mnt/lxc/kitti/object/training/image_2/000007.png 1 0.368947297334671 333.4603 174.98422 350.8564 209.84654
/mnt/lxc/kitti/object/training/image_2/000009.png 2 0.8477513194084167 602.27826 177.99606 657.293 227.4401
/mnt/lxc/kitti/object/training/image_2/000009.png 2 0.7128506302833557 573.311 176.23915 598.5661 193.1849
/mnt/lxc/kitti/object/training/image_2/000009.png 2 0.4632907807826996 600.5686 175.95854 619.42554 193.67181
/mnt/lxc/kitti/object/training/image_2/000010.png 2 0.9190390706062317 1012.01715 202.48375 1241.405 372.1238
/mnt/lxc/kitti/object/training/image_2/000010.png 2 0.9135807156562805 367.9688 189.16234 542.2985 290.15668
/mnt/lxc/kitti/object/training/image_2/000010.png 2 0.8799190521240234 821.7441 182.82802 922.0279 251.55917
/mnt/lxc/kitti/object/training/image_2/000010.png 2 0.8534125089645386 561.1229 179.09616 631.7529 226.32072
/mnt/lxc/kitti/object/training/image_2/000010.png 2 0.7361272573471069 619.18024 178.25443 649.49963 216.65318
/mnt/lxc/kitti/object/training/image_2/000010.png 2 0.7315178513526917 805.37695 181.05379 855.3494 233.78418
/mnt/lxc/kitti/object/training/image_2/000010.png 2 0.681204080581665 664.9908 175.92494 704.7173 202.07149
/mnt/lxc/kitti/object/training/image_2/000010.png 2 0.6622802019119263 635.64307 173.36903 666.08594 208.39624
/mnt/lxc/kitti/object/training/image_2/000010.png 2 0.5599514245986938 785.2396 178.20627 828.4185 217.31172
/mnt/lxc/kitti/object/training/image_2/000010.png 2 0.5417945384979248 745.0598 172.2354 785.97943 195.08133
/mnt/lxc/kitti/object/training/image_2/000010.png 2 0.2543284296989441 880.7477 166.80489 910.8584 184.70355
/mnt/lxc/kitti/object/training/image_2/000011.png 1 0.8372403383255005 883.4752 152.36433 932.8456 256.48175
/mnt/lxc/kitti/object/training/image_2/000011.png 2 0.8238497376441956 445.29694 173.65376 505.93927 223.98514
/mnt/lxc/kitti/object/training/image_2/000011.png 1 0.7946370244026184 241.62813 192.66823 268.76083 257.79132
/mnt/lxc/kitti/object/training/image_2/000011.png 1 0.7298991680145264 648.6969 171.91174 664.52563 205.14908
/mnt/lxc/kitti/object/training/image_2/000011.png 2 0.7053402662277222 0.43479437 254.39787 80.07719 372.45044
/mnt/lxc/kitti/object/training/image_2/000011.png 3 0.3412586748600006 364.2352 196.04572 389.576 221.62654
/mnt/lxc/kitti/object/training/image_2/000011.png 1 0.26552918553352356 266.78897 207.60172 288.01648 246.32121
/mnt/lxc/kitti/object/training/image_2/000012.png 2 0.6549311280250549 663.857 186.51872 690.68036 204.41597
/mnt/lxc/kitti/object/training/image_2/000013.png 2 0.8825244903564453 456.0485 186.95618 532.4304 244.78558
/mnt/lxc/kitti/object/training/image_2/000014.png 2 0.6871994733810425 626.97064 175.2482 652.4479 194.12215
/mnt/lxc/kitti/object/training/image_2/000016.png 2 0.944027304649353 0.50854945 203.75648 379.99307 371.60416
/mnt/lxc/kitti/object/training/image_2/000016.png 2 0.7645710706710815 660.5766 174.34924 691.4213 196.96948
/mnt/lxc/kitti/object/training/image_2/000016.png 2 0.747977614402771 1171.6467 155.48784 1201.1687 175.80153
/mnt/lxc/kitti/object/training/image_2/000016.png 2 0.6602771878242493 686.27747 172.18192 731.5151 205.42506
/mnt/lxc/kitti/object/training/image_2/000016.png 2 0.6525897979736328 493.06168 178.06447 525.4648 204.31635
/mnt/lxc/kitti/object/training/image_2/000016.png 2 0.6409420967102051 1136.8705 158.56458 1173.0814 176.87514
/mnt/lxc/kitti/object/training/image_2/000016.png 2 0.6091747283935547 1044.9396 158.50366 1071.6011 177.5637
/mnt/lxc/kitti/object/training/image_2/000016.png 2 0.605154812335968 1202.4492 156.87953 1240.5369 175.51138
/mnt/lxc/kitti/object/training/image_2/000016.png 2 0.5995481014251709 1105.2291 158.82243 1140.9672 177.13513
/mnt/lxc/kitti/object/training/image_2/000016.png 2 0.4077672064304352 889.7687 157.43925 915.7563 172.20302
/mnt/lxc/kitti/object/training/image_2/000016.png 2 0.3629511296749115 543.2273 179.14084 563.7706 195.21005
/mnt/lxc/kitti/object/training/image_2/000016.png 2 0.31253185868263245 1070.7072 161.2594 1103.0961 179.17822
/mnt/lxc/kitti/object/training/image_2/000016.png 2 0.27541738748550415 926.5183 159.11159 949.50507 172.65576
/mnt/lxc/kitti/object/training/image_2/000016.png 2 0.2713455855846405 968.72144 161.55365 999.3749 181.09467
/mnt/lxc/kitti/object/training/image_2/000016.png 2 0.2684583067893982 475.78906 175.49316 496.03403 191.66608
/mnt/lxc/kitti/object/training/image_2/000016.png 2 0.2549878656864166 796.83435 159.16176 815.01324 171.07788
/mnt/lxc/kitti/object/training/image_2/000017.png 2 0.7921582460403442 729.7677 174.05174 787.8113 198.7558
/mnt/lxc/kitti/object/training/image_2/000018.png 2 0.782305896282196 522.66364 194.09656 551.08246 218.47389
/mnt/lxc/kitti/object/training/image_2/000018.png 2 0.7564796805381775 1101.7806 195.66638 1149.885 221.00319
/mnt/lxc/kitti/object/training/image_2/000018.png 2 0.6095300316810608 1206.436 193.7371 1241.4957 224.81815
/mnt/lxc/kitti/object/training/image_2/000018.png 2 0.5884605646133423 1048.8947 191.1272 1085.7256 217.64728
/mnt/lxc/kitti/object/training/image_2/000018.png 2 0.5272005200386047 187.29123 188.47345 224.11021 215.21802
/mnt/lxc/kitti/object/training/image_2/000018.png 2 0.4798295199871063 766.2716 185.43484 804.66125 202.22379
/mnt/lxc/kitti/object/training/image_2/000018.png 2 0.42901328206062317 1081.6417 193.96277 1105.6938 212.71313
/mnt/lxc/kitti/object/training/image_2/000018.png 2 0.41337794065475464 482.64313 193.1991 500.30634 207.32921
/mnt/lxc/kitti/object/training/image_2/000018.png 2 0.40069761872291565 1004.12683 191.77338 1043.7382 216.87234
/mnt/lxc/kitti/object/training/image_2/000018.png 2 0.39323094487190247 702.80865 183.94131 742.52844 203.85649
/mnt/lxc/kitti/object/training/image_2/000018.png 2 0.3588887155056 257.19934 188.75818 290.79147 207.58801
/mnt/lxc/kitti/object/training/image_2/000018.png 2 0.3547936677932739 832.6435 184.7944 865.208 207.46007
/mnt/lxc/kitti/object/training/image_2/000018.png 2 0.33531448245048523 685.66693 184.4567 706.5962 199.7491
/mnt/lxc/kitti/object/training/image_2/000018.png 2 0.3181912899017334 832.84845 184.46451 879.12683 207.92297
/mnt/lxc/kitti/object/training/image_2/000018.png 2 0.3096427023410797 735.87537 184.05797 765.83374 201.4061
/mnt/lxc/kitti/object/training/image_2/000018.png 2 0.28540655970573425 502.3543 184.9597 526.7832 206.4461
/mnt/lxc/kitti/object/training/image_2/000018.png 2 0.27481430768966675 280.79306 184.57288 306.85352 203.67982
/mnt/lxc/kitti/object/training/image_2/000018.png 2 0.27111202478408813 958.4709 191.25372 993.9606 214.102
/mnt/lxc/kitti/object/training/image_2/000018.png 2 0.26080676913261414 925.25415 192.89214 958.55176 213.91927
/mnt/lxc/kitti/object/training/image_2/000018.png 2 0.2594831883907318 1171.476 206.6824 1213.3855 224.37035
/mnt/lxc/kitti/object/training/image_2/000022.png 2 0.683010995388031 130.01846 199.11217 216.37675 234.46231
/mnt/lxc/kitti/object/training/image_2/000022.png 2 0.610766589641571 59.8683 198.73024 102.44223 221.86139
/mnt/lxc/kitti/object/training/image_2/000022.png 2 0.35990288853645325 101.996216 182.11671 141.88893 210.33496
/mnt/lxc/kitti/object/training/image_2/000026.png 2 0.32157960534095764 462.76196 176.10953 477.26584 191.44455
/mnt/lxc/kitti/object/training/image_2/000026.png 2 0.28057247400283813 548.5226 177.3639 575.22797 191.01091
/mnt/lxc/kitti/object/training/image_2/000029.png 2 0.5156242251396179 654.0466 171.31432 689.5681 202.42995
/mnt/lxc/kitti/object/training/image_2/000029.png 2 0.29712826013565063 593.4331 173.68304 606.5762 187.23366
/mnt/lxc/kitti/object/training/image_2/000030.png 2 0.7598809599876404 558.5861 180.94919 588.40784 203.60655
/mnt/lxc/kitti/object/training/image_2/000030.png 2 0.42958593368530273 591.0004 178.1091 611.79535 191.42084
/mnt/lxc/kitti/object/training/image_2/000030.png 2 0.3701075613498688 666.53015 188.69267 682.38385 201.7503
/mnt/lxc/kitti/object/training/image_2/000030.png 2 0.36780455708503723 613.14966 178.13918 636.2629 191.07573
/mnt/lxc/kitti/object/training/image_2/000032.png 2 0.931151807308197 780.8519 188.78694 1008.20233 333.8701
/mnt/lxc/kitti/object/training/image_2/000032.png 2 0.9306027889251709 195.49193 190.23978 423.5086 338.09204
/mnt/lxc/kitti/object/training/image_2/000032.png 2 0.8322700262069702 715.8503 180.3579 827.6955 270.95325
/mnt/lxc/kitti/object/training/image_2/000032.png 2 0.6795690059661865 612.75653 165.51451 644.9692 197.5039
/mnt/lxc/kitti/object/training/image_2/000032.png 2 0.6451244950294495 496.04092 175.55823 532.55225 200.33145
/mnt/lxc/kitti/object/training/image_2/000032.png 2 0.6105693578720093 708.4557 167.01338 793.8413 234.82399
/mnt/lxc/kitti/object/training/image_2/000032.png 2 0.5736348032951355 564.8099 170.22356 588.68866 188.8207
/mnt/lxc/kitti/object/training/image_2/000034.png 2 0.9308411478996277 44.137226 195.86841 324.27972 288.2286
/mnt/lxc/kitti/object/training/image_2/000034.png 2 0.42521148920059204 521.8217 179.41586 549.57983 198.02191
/mnt/lxc/kitti/object/training/image_2/000034.png 1 0.30568286776542664 370.00836 182.76593 382.93262 216.01619
/mnt/lxc/kitti/object/training/image_2/000034.png 2 0.2759391665458679 493.5684 179.03244 529.45703 199.7458
/mnt/lxc/kitti/object/training/image_2/000036.png 2 0.8958383798599243 553.68994 183.40013 691.7908 316.027
/mnt/lxc/kitti/object/training/image_2/000036.png 2 0.8862805366516113 1152.1377 181.07677 1241.3676 225.36829
/mnt/lxc/kitti/object/training/image_2/000036.png 2 0.8710187077522278 959.8305 185.42451 1101.2054 225.57771
/mnt/lxc/kitti/object/training/image_2/000036.png 2 0.8597317934036255 1134.4266 245.13515 1241.5282 371.6632
/mnt/lxc/kitti/object/training/image_2/000036.png 2 0.7196057438850403 342.03943 192.16295 391.45438 218.17514
/mnt/lxc/kitti/object/training/image_2/000036.png 2 0.717826247215271 286.02158 195.6878 336.01346 222.84512
/mnt/lxc/kitti/object/training/image_2/000036.png 2 0.39509111642837524 395.9883 187.5598 429.0115 211.46043
/mnt/lxc/kitti/object/training/image_2/000036.png 2 0.3805523216724396 419.7028 187.11949 456.96838 210.57883
/mnt/lxc/kitti/object/training/image_2/000036.png 2 0.3041197657585144 396.44894 187.2546 442.10233 211.87408
/mnt/lxc/kitti/object/training/image_2/000036.png 2 0.26229193806648254 376.62796 189.06389 400.2998 209.94888
/mnt/lxc/kitti/object/training/image_2/000038.png 2 0.9408776164054871 903.4496 160.73671 1231.4647 371.34155
/mnt/lxc/kitti/object/training/image_2/000038.png 2 0.9073718190193176 301.96277 189.2441 406.36325 250.23083
/mnt/lxc/kitti/object/training/image_2/000038.png 2 0.8881246447563171 824.64233 180.19456 932.3501 284.64697
/mnt/lxc/kitti/object/training/image_2/000038.png 2 0.8613689541816711 683.9091 174.12825 770.3096 220.9996
/mnt/lxc/kitti/object/training/image_2/000038.png 2 0.8440895676612854 757.64557 175.25912 882.5148 255.66017
/mnt/lxc/kitti/object/training/image_2/000038.png 2 0.8397343754768372 588.57263 173.27742 635.9861 217.8498
/mnt/lxc/kitti/object/training/image_2/000038.png 2 0.7226279973983765 488.51736 181.19864 515.1121 201.18013
/mnt/lxc/kitti/object/training/image_2/000038.png 2 0.6442794799804688 431.91245 178.59723 471.1542 200.84511
/mnt/lxc/kitti/object/training/image_2/000038.png 2 0.6154855489730835 410.19406 178.57814 434.4393 196.68503
/mnt/lxc/kitti/object/training/image_2/000038.png 2 0.4262439012527466 659.0509 180.33232 694.4922 207.307
/mnt/lxc/kitti/object/training/image_2/000038.png 2 0.3134634792804718 556.70056 173.52606 572.89764 187.85979
/mnt/lxc/kitti/object/training/image_2/000041.png 2 0.4853915274143219 452.5975 177.51572 514.8325 201.74841
/mnt/lxc/kitti/object/training/image_2/000043.png 1 0.7949944138526917 440.57803 169.82515 472.48593 264.1629
/mnt/lxc/kitti/object/training/image_2/000043.png 1 0.7703596949577332 403.31906 167.09425 432.54822 231.37137
/mnt/lxc/kitti/object/training/image_2/000043.png 1 0.7608474493026733 716.7686 159.52788 740.90326 229.32025
/mnt/lxc/kitti/object/training/image_2/000043.png 1 0.7413943409919739 471.2051 178.82202 498.54468 264.65002
/mnt/lxc/kitti/object/training/image_2/000043.png 1 0.7223679423332214 684.4296 159.29974 708.6871 228.40472
/mnt/lxc/kitti/object/training/image_2/000044.png 2 0.9035553932189941 0.7281194 208.91653 345.70883 373.65564
/mnt/lxc/kitti/object/training/image_2/000044.png 2 0.9023957848548889 384.09735 185.38101 504.56512 270.34915
/mnt/lxc/kitti/object/training/image_2/000045.png 2 0.9050187468528748 75.55166 193.92982 269.04306 273.84796
/mnt/lxc/kitti/object/training/image_2/000045.png 2 0.8101716637611389 274.38293 179.39458 372.92047 238.62079
/mnt/lxc/kitti/object/training/image_2/000045.png 2 0.8050118088722229 367.3223 187.19049 420.71317 226.55199
/mnt/lxc/kitti/object/training/image_2/000045.png 2 0.8041813373565674 405.5519 180.22826 454.9747 218.37189
/mnt/lxc/kitti/object/training/image_2/000045.png 2 0.7752379775047302 455.09827 181.95348 499.40555 207.89885
/mnt/lxc/kitti/object/training/image_2/000045.png 2 0.6878034472465515 487.25134 180.15427 517.725 203.06375
/mnt/lxc/kitti/object/training/image_2/000045.png 2 0.659401535987854 531.6388 177.21872 559.3986 194.3853
/mnt/lxc/kitti/object/training/image_2/000045.png 2 0.3961265981197357 341.42468 176.08437 371.62247 201.45729
/mnt/lxc/kitti/object/training/image_2/000046.png 2 0.9374756217002869 772.6934 157.8186 1071.8937 354.30493
/mnt/lxc/kitti/object/training/image_2/000046.png 2 0.8838227987289429 708.2482 176.5698 797.9559 250.64015
/mnt/lxc/kitti/object/training/image_2/000046.png 2 0.837931215763092 578.20074 177.2772 626.8123 217.55753
/mnt/lxc/kitti/object/training/image_2/000046.png 2 0.7263814210891724 659.6706 172.12627 701.9226 205.47401
/mnt/lxc/kitti/object/training/image_2/000046.png 2 0.40508443117141724 644.16455 172.89833 666.85986 201.08673
/mnt/lxc/kitti/object/training/image_2/000046.png 2 0.3808318078517914 634.2511 174.68338 659.09827 197.29588
/mnt/lxc/kitti/object/training/image_2/000046.png 2 0.369967520236969 608.73065 174.44223 637.23047 205.19818
/mnt/lxc/kitti/object/training/image_2/000046.png 2 0.2603086531162262 634.67334 177.36935 651.8662 199.36307
/mnt/lxc/kitti/object/training/image_2/000049.png 1 0.9246495962142944 967.32275 197.25896 1107.866 373.56702
/mnt/lxc/kitti/object/training/image_2/000049.png 2 0.920263946056366 1079.4242 244.15439 1241.5332 372.7172
/mnt/lxc/kitti/object/training/image_2/000049.png 2 0.9200738072395325 824.35095 191.8867 1035.5079 319.82098
/mnt/lxc/kitti/object/training/image_2/000049.png 2 0.9007474780082703 13.138551 179.36122 235.54153 272.0929
/mnt/lxc/kitti/object/training/image_2/000049.png 2 0.8972822427749634 305.7261 178.35555 486.65585 263.47552
/mnt/lxc/kitti/object/training/image_2/000049.png 2 0.879165530204773 594.0613 176.8569 657.14087 227.98291
/mnt/lxc/kitti/object/training/image_2/000049.png 2 0.8740126490592957 756.5581 183.08894 869.1492 261.07034
/mnt/lxc/kitti/object/training/image_2/000049.png 2 0.8660522699356079 222.28317 175.6926 333.62872 241.45168
/mnt/lxc/kitti/object/training/image_2/000049.png 2 0.8273554444313049 0.16202721 227.2202 66.19266 373.01392
/mnt/lxc/kitti/object/training/image_2/000049.png 2 0.7583075761795044 448.81857 174.03368 510.4274 215.57263
/mnt/lxc/kitti/object/training/image_2/000049.png 2 0.7536612749099731 0.830953 174.17421 95.200874 216.47578
/mnt/lxc/kitti/object/training/image_2/000049.png 1 0.7359362244606018 695.0683 169.09634 709.42377 204.93741
/mnt/lxc/kitti/object/training/image_2/000049.png 2 0.6121731400489807 722.1391 166.82639 813.3369 235.22395
/mnt/lxc/kitti/object/training/image_2/000049.png 2 0.526148796081543 497.4426 172.88412 534.97614 214.2264
/mnt/lxc/kitti/object/training/image_2/000049.png 2 0.3327121436595917 310.25085 172.15704 368.35684 200.52168
/mnt/lxc/kitti/object/training/image_2/000049.png 2 0.3158847689628601 0.06460509 172.56485 49.553825 199.58128
/mnt/lxc/kitti/object/training/image_2/000049.png 2 0.29258090257644653 306.68674 174.9226 462.81256 231.22914
/mnt/lxc/kitti/object/training/image_2/000049.png 2 0.2892848253250122 525.3291 168.9212 556.54565 201.52261
/mnt/lxc/kitti/object/training/image_2/000049.png 2 0.2892226576805115 644.17834 165.74284 666.9745 189.36862
/mnt/lxc/kitti/object/training/image_2/000049.png 2 0.2867281138896942 534.7642 156.8682 582.79443 197.26686
/mnt/lxc/kitti/object/training/image_2/000049.png 2 0.26226702332496643 507.71533 171.54292 555.2739 204.23128
/mnt/lxc/kitti/object/training/image_2/000051.png 1 0.7198052406311035 927.59216 159.36163 955.1899 226.08916
/mnt/lxc/kitti/object/training/image_2/000051.png 2 0.5721623301506042 308.04486 181.89735 357.638 210.51245
/mnt/lxc/kitti/object/training/image_2/000051.png 1 0.5666308999061584 694.5295 183.99872 708.961 225.08162
/mnt/lxc/kitti/object/training/image_2/000051.png 2 0.564024806022644 785.7274 174.95355 818.4721 191.75713
/mnt/lxc/kitti/object/training/image_2/000051.png 2 0.5074643492698669 708.6472 173.34076 743.98145 204.36983
/mnt/lxc/kitti/object/training/image_2/000051.png 2 0.45700350403785706 273.27893 181.49236 328.3267 217.532
/mnt/lxc/kitti/object/training/image_2/000051.png 2 0.4550411105155945 760.0717 175.55414 783.3236 198.96584
/mnt/lxc/kitti/object/training/image_2/000051.png 3 0.4461708962917328 930.5297 192.54112 956.2713 231.02008
/mnt/lxc/kitti/object/training/image_2/000051.png 2 0.3843602240085602 310.7065 175.2227 383.22293 204.57202
/mnt/lxc/kitti/object/training/image_2/000051.png 1 0.37776538729667664 0.051809177 135.40915 20.957968 175.89813
/mnt/lxc/kitti/object/training/image_2/000051.png 2 0.3498261570930481 331.24252 173.99866 394.76294 203.6959
/mnt/lxc/kitti/object/training/image_2/000051.png 2 0.2545180320739746 202.66612 181.45804 329.5526 218.28964
/mnt/lxc/kitti/object/training/image_2/000054.png 1 0.8749560713768005 774.89325 151.87717 841.3092 312.57007
/mnt/lxc/kitti/object/training/image_2/000054.png 3 0.49823692440986633 370.1291 205.71808 421.57852 273.45688
/mnt/lxc/kitti/object/training/image_2/000054.png 3 0.47586554288864136 248.80212 206.17099 288.0106 281.5102
/mnt/lxc/kitti/object/training/image_2/000054.png 3 0.4745693802833557 852.4124 200.19083 900.0018 276.666
/mnt/lxc/kitti/object/training/image_2/000054.png 3 0.42433252930641174 284.70328 205.63637 334.22974 281.80463
/mnt/lxc/kitti/object/training/image_2/000054.png 3 0.3555312156677246 333.0482 205.65512 375.68 280.72308
/mnt/lxc/kitti/object/training/image_2/000054.png 3 0.34613412618637085 298.44666 205.73311 335.63483 281.45703
/mnt/lxc/kitti/object/training/image_2/000054.png 3 0.32795998454093933 881.7842 201.54218 920.9965 278.67566
/mnt/lxc/kitti/object/training/image_2/000054.png 3 0.32543113827705383 948.41095 194.54932 1001.2426 276.5964
/mnt/lxc/kitti/object/training/image_2/000054.png 3 0.2984815835952759 282.552 206.39217 312.71613 281.67218
/mnt/lxc/kitti/object/training/image_2/000054.png 3 0.2938137352466583 907.76794 193.1784 961.08984 276.3369
/mnt/lxc/kitti/object/training/image_2/000054.png 3 0.28533968329429626 308.08612 206.81734 338.3662 280.61258
/mnt/lxc/kitti/object/training/image_2/000054.png 3 0.2527349293231964 1142.3629 226.93053 1223.5363 347.71762
/mnt/lxc/kitti/object/training/image_2/000055.png 2 0.7824768424034119 27.799656 192.30482 120.20439 229.71169
/mnt/lxc/kitti/object/training/image_2/000055.png 2 0.7386980056762695 116.290474 186.75014 186.35814 219.48222
/mnt/lxc/kitti/object/training/image_2/000055.png 2 0.6850213408470154 179.66411 186.56122 250.67868 217.36076
/mnt/lxc/kitti/object/training/image_2/000055.png 2 0.44875866174697876 237.34529 186.66722 284.35043 210.78168
/mnt/lxc/kitti/object/training/image_2/000055.png 2 0.4008089005947113 271.6386 186.21207 307.35654 207.6833
/mnt/lxc/kitti/object/training/image_2/000055.png 2 0.3873048424720764 0.0 196.65192 13.260879 228.32999
/mnt/lxc/kitti/object/training/image_2/000055.png 2 0.2644559442996979 244.5392 186.21056 307.72287 209.63083
/mnt/lxc/kitti/object/training/image_2/000056.png 2 0.7942245602607727 542.939 182.84335 570.9807 203.85971
/mnt/lxc/kitti/object/training/image_2/000056.png 2 0.3985323905944824 584.803 178.52614 599.56305 191.94643
/mnt/lxc/kitti/object/training/image_2/000056.png 2 0.27508386969566345 570.2857 181.8434 586.47644 198.59497
/mnt/lxc/kitti/object/training/image_2/000056.png 2 0.26940929889678955 579.70667 180.58388 596.27325 195.84386
/mnt/lxc/kitti/object/training/image_2/000057.png 2 0.8771798610687256 0.53959715 260.10883 148.77303 372.54028
/mnt/lxc/kitti/object/training/image_2/000057.png 2 0.8034886717796326 516.1745 195.27693 561.1724 231.83777
/mnt/lxc/kitti/object/training/image_2/000057.png 2 0.520110011100769 571.873 176.4636 592.6236 196.32658
/mnt/lxc/kitti/object/training/image_2/000060.png 2 0.8256744742393494 548.20905 176.21634 612.4557 235.60466
/mnt/lxc/kitti/object/training/image_2/000060.png 1 0.6321749091148376 789.62335 179.94595 802.3626 206.14096
/mnt/lxc/kitti/object/training/image_2/000060.png 2 0.42940786480903625 305.2198 176.94067 360.49088 195.1078
/mnt/lxc/kitti/object/training/image_2/000060.png 2 0.3708077073097229 304.76376 177.32533 343.43674 195.3223
/mnt/lxc/kitti/object/training/image_2/000060.png 2 0.2717300355434418 360.07736 175.69241 394.9578 194.44809
/mnt/lxc/kitti/object/training/image_2/000064.png 2 0.9140499830245972 730.8315 182.12819 875.57385 268.93506
/mnt/lxc/kitti/object/training/image_2/000064.png 2 0.8719110488891602 656.3204 180.33354 710.60645 218.27812
/mnt/lxc/kitti/object/training/image_2/000064.png 2 0.7649208307266235 716.3057 176.5319 758.35254 202.80441
/mnt/lxc/kitti/object/training/image_2/000064.png 2 0.4258376955986023 627.02386 175.1169 648.4482 193.40756
/mnt/lxc/kitti/object/training/image_2/000067.png 2 0.9229242205619812 82.045654 188.80367 380.391 300.0167
/mnt/lxc/kitti/object/training/image_2/000067.png 2 0.9052188396453857 431.33316 180.77754 598.1388 279.25397
/mnt/lxc/kitti/object/training/image_2/000067.png 2 0.7695791125297546 671.0156 172.85213 699.80975 195.65742
/mnt/lxc/kitti/object/training/image_2/000067.png 2 0.7377486824989319 1171.6438 155.57687 1201.3004 175.61009
/mnt/lxc/kitti/object/training/image_2/000067.png 2 0.7245184779167175 705.0464 170.39668 743.29224 200.87537
/mnt/lxc/kitti/object/training/image_2/000067.png 2 0.6510778665542603 1136.894 158.04216 1173.4594 176.63759
/mnt/lxc/kitti/object/training/image_2/000067.png 2 0.6055509448051453 1044.9607 158.46841 1071.6316 177.64145
/mnt/lxc/kitti/object/training/image_2/000067.png 2 0.5972863435745239 1105.0795 158.87613 1140.4497 176.98793
/mnt/lxc/kitti/object/training/image_2/000067.png 2 0.5805436372756958 1202.3506 156.5455 1240.4877 175.26689
/mnt/lxc/kitti/object/training/image_2/000067.png 2 0.4192661643028259 889.85486 157.15556 916.0453 172.55318
/mnt/lxc/kitti/object/training/image_2/000067.png 2 0.2755137085914612 926.3707 158.80574 950.83734 172.94363
/mnt/lxc/kitti/object/training/image_2/000068.png 2 0.9419308304786682 99.0238 202.74948 435.24814 373.75308
/mnt/lxc/kitti/object/training/image_2/000068.png 2 0.8961967825889587 0.41639817 215.36441 192.42726 372.69495
/mnt/lxc/kitti/object/training/image_2/000068.png 2 0.8041675686836243 536.65247 187.53052 571.4878 222.8546
/mnt/lxc/kitti/object/training/image_2/000068.png 2 0.7977187633514404 394.72223 171.17896 523.85046 281.14493
/mnt/lxc/kitti/object/training/image_2/000068.png 3 0.7874552607536316 907.1837 211.47542 1027.5321 296.34106
/mnt/lxc/kitti/object/training/image_2/000068.png 2 0.7806451916694641 667.4286 184.66968 773.94666 226.55775
/mnt/lxc/kitti/object/training/image_2/000068.png 2 0.7729965448379517 519.3561 190.36105 550.65375 244.1842
/mnt/lxc/kitti/object/training/image_2/000068.png 3 0.6690948605537415 806.6216 214.93915 913.73425 291.87326
/mnt/lxc/kitti/object/training/image_2/000068.png 2 0.6450746655464172 639.52374 182.39867 686.7727 213.16724
/mnt/lxc/kitti/object/training/image_2/000068.png 2 0.4884256422519684 624.2541 182.50299 648.3103 203.05855
/mnt/lxc/kitti/object/training/image_2/000068.png 2 0.4690813422203064 550.74274 175.86372 586.1262 210.47295
/mnt/lxc/kitti/object/training/image_2/000068.png 2 0.41877952218055725 537.3062 189.08397 570.7656 235.16405
/mnt/lxc/kitti/object/training/image_2/000068.png 1 0.3449367582798004 459.7681 182.95593 482.4372 205.765
/mnt/lxc/kitti/object/training/image_2/000068.png 3 0.32139718532562256 779.7442 210.75468 853.9217 279.7936
/mnt/lxc/kitti/object/training/image_2/000068.png 2 0.30918216705322266 635.3703 181.89948 682.7394 207.51933
/mnt/lxc/kitti/object/training/image_2/000069.png 2 0.8957931399345398 130.91725 189.69882 348.364 253.65482
/mnt/lxc/kitti/object/training/image_2/000070.png 1 0.8470076322555542 556.636 148.35823 608.7046 336.06613
/mnt/lxc/kitti/object/training/image_2/000070.png 3 0.558584988117218 249.8642 212.53943 306.11508 282.33905
/mnt/lxc/kitti/object/training/image_2/000070.png 3 0.5525215268135071 281.24008 207.01071 338.05515 282.67307
/mnt/lxc/kitti/object/training/image_2/000070.png 3 0.5024197101593018 388.21832 207.45216 421.37274 265.50204
/mnt/lxc/kitti/object/training/image_2/000070.png 3 0.32491549849510193 307.97983 207.43924 369.10245 281.16928
/mnt/lxc/kitti/object/training/image_2/000070.png 3 0.2687457203865051 364.4202 206.85802 392.79477 277.78995
/mnt/lxc/kitti/object/training/image_2/000070.png 3 0.2612954080104828 340.4109 210.78442 378.67035 280.40115
/mnt/lxc/kitti/object/training/image_2/000070.png 3 0.26060807704925537 337.6777 207.98747 369.99783 280.9244
/mnt/lxc/kitti/object/training/image_2/000071.png 2 0.8739914298057556 594.7125 177.75552 663.1546 238.8636
/mnt/lxc/kitti/object/training/image_2/000072.png 2 0.9221934080123901 290.13666 187.59502 458.78305 285.6053
/mnt/lxc/kitti/object/training/image_2/000072.png 2 0.8170711398124695 587.19934 174.5004 628.51056 211.2487
/mnt/lxc/kitti/object/training/image_2/000072.png 2 0.6268603801727295 0.023918761 181.02002 76.212715 226.34169
/mnt/lxc/kitti/object/training/image_2/000072.png 2 0.4322534203529358 0.13889316 180.1911 111.19724 226.47882
/mnt/lxc/kitti/object/training/image_2/000073.png 1 0.8735939264297485 234.84175 173.37508 299.23083 359.39142
/mnt/lxc/kitti/object/training/image_2/000073.png 1 0.8575165271759033 189.4086 161.56865 244.84334 350.3521
/mnt/lxc/kitti/object/training/image_2/000073.png 1 0.8493357300758362 751.82745 167.00722 792.66205 286.86002
/mnt/lxc/kitti/object/training/image_2/000073.png 3 0.8287365436553955 1169.8005 215.19661 1241.571 314.19452
/mnt/lxc/kitti/object/training/image_2/000073.png 1 0.6630604863166809 736.10474 169.95656 759.78217 214.04398
/mnt/lxc/kitti/object/training/image_2/000073.png 1 0.6579077243804932 460.71753 173.91566 477.10812 235.25034
/mnt/lxc/kitti/object/training/image_2/000073.png 1 0.6262553334236145 498.93228 171.83913 514.074 222.30118
/mnt/lxc/kitti/object/training/image_2/000073.png 1 0.5905091762542725 535.9654 177.86035 547.91705 213.84607
/mnt/lxc/kitti/object/training/image_2/000073.png 1 0.44233644008636475 547.6616 179.68753 558.9878 214.10922
/mnt/lxc/kitti/object/training/image_2/000073.png 3 0.389331579208374 848.43964 206.19637 876.47955 242.60925
/mnt/lxc/kitti/object/training/image_2/000073.png 1 0.29948341846466064 453.05695 193.2746 465.35345 240.24832
/mnt/lxc/kitti/object/training/image_2/000073.png 1 0.2760027050971985 487.15305 171.3948 500.7335 203.77956
/mnt/lxc/kitti/object/training/image_2/000074.png 1 0.9193726778030396 681.0639 135.89944 772.3239 358.74216
/mnt/lxc/kitti/object/training/image_2/000074.png 1 0.8730865120887756 933.6046 159.10136 1005.14105 303.7291
/mnt/lxc/kitti/object/training/image_2/000074.png 1 0.836435079574585 782.542 163.36096 842.30365 350.937
/mnt/lxc/kitti/object/training/image_2/000074.png 3 0.6525958776473999 293.124 197.72902 407.10486 291.99124
/mnt/lxc/kitti/object/training/image_2/000074.png 1 0.5825957655906677 557.53235 142.55989 571.4314 183.08932
/mnt/lxc/kitti/object/training/image_2/000074.png 3 0.5810428857803345 252.65036 215.3818 319.6251 300.23486
/mnt/lxc/kitti/object/training/image_2/000074.png 1 0.46245917677879333 385.21518 146.96866 404.236 180.88536
/mnt/lxc/kitti/object/training/image_2/000074.png 1 0.3671225607395172 405.3681 149.54817 418.28156 182.6921
/mnt/lxc/kitti/object/training/image_2/000074.png 1 0.32758405804634094 530.7459 142.0844 545.4854 183.39119
/mnt/lxc/kitti/object/training/image_2/000074.png 3 0.3200601637363434 359.3739 190.3234 463.95596 277.22382
/mnt/lxc/kitti/object/training/image_2/000074.png 3 0.29189762473106384 626.64825 160.61856 671.2756 193.19
/mnt/lxc/kitti/object/training/image_2/000074.png 3 0.2808888852596283 421.98935 184.80652 481.39883 261.17612
/mnt/lxc/kitti/object/training/image_2/000074.png 3 0.275114506483078 610.6419 160.65445 645.6186 191.2814
/mnt/lxc/kitti/object/training/image_2/000075.png 2 0.8931730389595032 457.53067 188.36053 570.9788 257.80777
/mnt/lxc/kitti/object/training/image_2/000075.png 2 0.8114849328994751 559.13086 183.70503 618.1828 234.67012
/mnt/lxc/kitti/object/training/image_2/000075.png 2 0.8102479577064514 616.70374 183.26082 673.04877 221.3197
/mnt/lxc/kitti/object/training/image_2/000075.png 2 0.692635715007782 0.63170403 192.45111 121.0318 372.9196
/mnt/lxc/kitti/object/training/image_2/000079.png 2 0.9287823438644409 0.0 193.60684 323.47778 324.00656
/mnt/lxc/kitti/object/training/image_2/000079.png 2 0.9242554306983948 361.07547 184.43726 565.56494 300.0531
/mnt/lxc/kitti/object/training/image_2/000079.png 2 0.786218523979187 700.64734 169.49353 741.51355 201.70964
/mnt/lxc/kitti/object/training/image_2/000079.png 2 0.7734882235527039 668.2105 172.07126 699.38464 195.6493
/mnt/lxc/kitti/object/training/image_2/000079.png 2 0.7518399953842163 1171.7323 155.4343 1201.2952 175.46156
/mnt/lxc/kitti/object/training/image_2/000079.png 2 0.6533656120300293 1136.8608 157.92358 1173.3153 176.6968
/mnt/lxc/kitti/object/training/image_2/000079.png 2 0.6105693578720093 1105.1353 158.73152 1140.8578 177.10966
/mnt/lxc/kitti/object/training/image_2/000079.png 2 0.6074769496917725 1202.6337 156.83287 1240.5554 174.6466
/mnt/lxc/kitti/object/training/image_2/000079.png 2 0.6064360737800598 1045.0455 158.49812 1071.7268 177.54417
/mnt/lxc/kitti/object/training/image_2/000079.png 2 0.441346138715744 889.6734 157.44008 916.05334 172.34377
/mnt/lxc/kitti/object/training/image_2/000079.png 2 0.28833243250846863 926.605 158.68999 949.3285 172.71338
/mnt/lxc/kitti/object/training/image_2/000079.png 2 0.27774015069007874 1070.4463 161.61485 1102.3678 179.16617
/mnt/lxc/kitti/object/training/image_2/000079.png 2 0.25342464447021484 968.61816 161.81795 999.2862 180.96675
